15
8
9
96
54
9
20
76
41
45
23
40
43
43
76
69
52
63
100
61
61
82
80
30
73
2
72
99
12
82
64
26
88
22
58
37
13
97
5
63
10
60
56
97
45
52
22
41
2
64
36
69
2
37
43
70
73
96
83
24
23
25
46
69
8
70
24
73
32
63
32
70
100
56
46
73
14
69
70
16
40
49
45
87
33
20
16
15
52
64
12
15
81
98
52
72
70
33
31
40
35
87
92
93
61
42
29
91
44
81
87
52
58
61
37
87
16
26
7
29
79
21
15
38
66
61
53
8
83
49
1
77
14
26
93
92
3
71
74
96
90
7
101
14
3
68
13
52
31
12
29
20
86
92
16
96
30
51
25
82
55
77
5
64
48
30
55
25
85
50
29
77
50
65
89
13
28
11
60
70
73
93
29
69
42
50
3
53
63
39
2
71
22
27
15
42
7
32
37
78
101
6
89
17
57
98
18
71
77
84
23
93
75
33
18
94
47
72
25
46
54
62
49
25
39
76
53
58
32
77
67
28
60
44
4
29
58
31
10
58
71
2
13
27
57
77
100
22
84
56
3
14
73
10
52
47
54
58
89
97
24
35
78
22
62
8
92
97
13
89
73
5
38
64
50
36
63
53
31
2
12
22
33
84
22
51
26
99
71
90
40
18
80
18
49
98
16
12
56
73
35
2
59
9
93
10
36
62
94
48
101
81
47
48
36
62
70
70
9
88
5
89
79
99
76
1
84
91
53
88
14
53
6
5
40
23
52
30
40
23
25
41
26
95
83
62
88
8
27
58
86
52
13
62
94
66
59
62
27
59
7
19
17
65
64
71
10
79
31
64
90
87
10
86
25
52
54
65
94
99
35
91
64
6
49
1
96
55
95
12
92
33
56
57
88
20
13
40
17
54
26
76
98
93
56
88
1
54
84
40
77
42
6
40
95
50
35
28
32
32
59
86
55
36
80
54
33
56
7
10
12
86
13
97
92
60
71
50
69
50
59
93
75
98
37
7
41
101
24
40
68
13
45
96
48
63
96
33
18
27
73
59
73
50
34
94
11
88
2
52
28
91
24
8
69
26
60
10
27
80
2
70
38
45
16
73
90
63
19
32
86
8
95
45
36
90
18
57
87
69
45
30
89
89
74
45
64
88
19
25
10
61
98
52
61
20
50
9
79
76
26
22
56
31
96
36
81
89
16
86
94
26
32
35
45
88
22
89
1
41
76
17
79
5
80
99
51
5
1
29
87
44
52
82
60
2
12
7
44
24
10
62
32
61
11
1
40
69
92
64
61
49
31
34
92
91
86
69
17
43
8
25
80
9
73
21
60
19
76
20
14
8
85
35
23
42
81
95
11
4
53
71
16
9
29
60
71
67
37
31
51
58
66
22
57
97
24
19
76
89
50
77
61
4
38
26
51
33
14
56
60
61
76
90
39
78
43
16
36
81
46
38
4
47
66
82
2
85
51
81
76
6
4
83
76
83
79
22
59
4
17
22
30
65
9
88
89
74
19
18
45
35
57
87
63
41
101
64
64
92
57
96
61
38
58
88
98
22
55
96
91
73
36
63
81
49
77
79
53
79
96
79
47
98
6
47
25
76
85
68
84
81
13
47
37
95
17
18
93
92
78
66
44
65
88
57
48
44
61
50
77
74
57
96
87
68
55
84
101
17
60
79
7
30
47
25
75
14
73
37
17
78
40
40
57
83
2
33
79
12
58
56
85
50
32
28
94
59
57
95
58
53
86
77
90
83
1
64
46
95
5
35
71
72
101
87
27
78
91
31
31
25
21
18
86
33
71
78
78
63
100
82
9
16
33
20
72
53
63
55
1
27
39
43
89
84
19
11
49
30
53
45
76
23
53
37
91
67
61
48
21
88
2
91
24
7
37
46
82
46
20
58
16
16
53
40
47
47
37
23
51
4
34
27
10
31
95
50
30
43
79
12
53
96
45
46
65
96
86
31
48
47
94
98
89
67
86
45
2
64
56
61
85
84
56
27
73
42
37
10
9
51
9
36
44
61
73
80
24
28
9
101
69
13
10
15
79
94
32
38
80
72
22
21
12
90
101
40
100
30
62
5
51
100
15
16
73
3
4
31
49
46
15
98
88
18
72
7
59
8
42
65
57
86
14
96
84
6
45
59
35
40
60
80
26
18
3
63
101
18
52
65
27
8
37
101
55
42
8
34
8
52
43
87
46
24
31
31
58
70
34
41
72
78
97
88
76
37
78
6
87
24
17
54
65
88
90
36
82
54
14
93
76
35
100
72
12
39
1
41
57
62
50
28
20
46
85
18
5
99
77
77
100
74
24
21
94
16
6
25
94
24
97
79
95
4
72
61
72
8
66
40
31
35
68
21
1
61
21
88
9
57
71
11
64
81
85
95
98
54
39
13
28
27
70
45
51
39
6
74
24
71
64
